Simulation.timestep  Simulation.tps  Simulation.seed  Simulation.walltime
       50000          1.27848e+03          1784            39.10818      
      100000          1.27767e+03          1784            78.26663      
      150000          1.26973e+03          1784            39.37761      
      200000          1.27697e+03          1784            78.30989      
      250000           734.72893           1784            68.05095      
      300000           482.53917           1784            207.23499     
      350000           226.06161           1784            221.17422     
      400000           191.53477           1784            522.09319     
      450000           144.52492           1784            69.18530      
      500000           144.66876           1784            69.11651      
      550000           145.88163           1784            68.54187      
      600000           144.62655           1784            69.13668      
      650000           145.21740           1784            68.85539      
      700000           145.12264           1784            68.90035      
      750000           145.26521           1784            68.83272      
      800000           145.33945           1784            68.79756      
      850000           143.24364           1784            69.80415      
      900000           144.26466           1784            69.31011      
      950000           144.09502           1784            69.39171      
      1000000          144.77300           1784            69.06674      
      1050000          145.16266           1784            68.88135      
      1100000          147.99349           1784            67.56378      
      1150000          148.12807           1784            67.50240      
      1200000          148.34791           1784            67.40237      
      1250000          148.67444           1784            67.25433      
      1300000          148.59366           1784            67.29089      
      1350000          148.04609           1784            67.53978      
      1400000          147.72939           1784            67.68457      
      1450000          148.52836           1784            67.32048      
      1500000          147.93426           1784            67.59084      
      1550000          148.18519           1784            67.47638      
      1600000          147.49838           1784            67.79057      
      1650000          147.33230           1784            67.86699      
      1700000          147.16822           1784            67.94266      
      1750000          147.24291           1784            67.90820      
      1800000          147.39141           1784            67.83978      
      1850000          148.06679           1784            67.53034      
      1900000          148.11670           1784            67.50758      
      1950000          147.90180           1784            67.60567      
      2000000          148.06367           1784            67.53176      
      2050000          147.33320           1784            67.86658      
      2100000          148.30107           1784            67.42365      
      2150000          148.66045           1784            67.26066      
      2200000          147.96476           1784            67.57690      
      2250000          147.89747           1784            67.60765      
      2300000          147.93237           1784            67.59170      
      2350000          148.07582           1784            67.52622      
      2400000          148.45125           1784            67.35545      
      2450000          147.78063           1784            67.66110      
      2500000          148.31064           1784            67.41930      
      2550000          148.25887           1784            67.44285      
      2600000          148.85021           1784            67.17491      
      2650000          148.70921           1784            67.23861      
      2700000          148.43225           1784            67.36407      
      2750000          148.81938           1784            67.18883      
      2800000          149.41175           1784            66.92245      
      2850000          148.59986           1784            67.28808      
      2900000          148.15870           1784            67.48844      
      2950000          148.33036           1784            67.41034      
      3000000          147.77705           1784            67.66274      
      3050000          147.85317           1784            67.62790      
      3100000          147.67945           1784            67.70746      
      3150000          147.81805           1784            67.64397      
      3200000          147.99041           1784            67.56519      
      3250000          148.46610           1784            67.34871      
      3300000          148.07954           1784            67.52452      
      3350000          147.77989           1784            67.66144      
      3400000          148.39778           1784            67.37971      
      3450000          149.19206           1784            67.02099      
      3500000          149.44442           1784            66.90782      
      3550000          149.26919           1784            66.98636      
      3600000          148.68626           1784            67.24899      
      3650000          148.73631           1784            67.22635      
      3700000          148.37955           1784            67.38799      
      3750000          147.98907           1784            67.56580      
      3800000          147.39225           1784            67.83939      
      3850000          148.02126           1784            67.55111      
      3900000          148.10221           1784            67.51419      
      3950000          148.87743           1784            67.16263      
      4000000          147.88928           1784            67.61139      
      4050000          147.53643           1784            67.77309      
      4100000          147.54283           1784            67.77015      
      4150000          147.61791           1784            67.73568      
      4200000          148.63715           1784            67.27120      
      4250000          147.50872           1784            67.78582      
      4300000          147.79195           1784            67.65592      
      4350000          147.72235           1784            67.68780      
      4400000          147.72749           1784            67.68544      
      4450000          147.07115           1784            67.98750      
Simulation.timestep  Simulation.tps  Simulation.seed  Simulation.walltime
      4500000          147.78085           1784            67.66100      
      4550000          147.91086           1784            67.60153      
      4600000          148.49398           1784            67.33607      
      4650000          148.20195           1784            67.46875      
      4700000          148.28128           1784            67.43265      
      4750000          147.64041           1784            67.72536      
      4800000          149.03442           1784            67.09188      
      4850000          148.91536           1784            67.14552      
      4900000          147.61614           1784            67.73650      
      4950000          149.22193           1784            67.00758      
      5000000          148.74166           1784            67.22394      
      5050000          147.92321           1784            67.59588      
      5100000          147.91685           1784            67.59879      
      5150000          148.77211           1784            67.21018      
      5200000          148.47440           1784            67.34494      
      5250000          148.35946           1784            67.39712      
      5300000          148.49900           1784            67.33379      
      5350000          147.34667           1784            67.86037      
      5400000          148.14996           1784            67.49242      
      5450000          147.85632           1784            67.62646      
      5500000          148.53980           1784            67.31529      
      5550000          147.94770           1784            67.58469      
      5600000          148.26809           1784            67.43865      
      5650000          148.79669           1784            67.19908      
      5700000          147.54724           1784            67.76813      
      5750000          147.69773           1784            67.69907      
      5800000          148.07003           1784            67.52886      
      5850000          148.46537           1784            67.34904      
      5900000          148.68633           1784            67.24895      
      5950000          146.73320           1784            68.14409      
      6000000          147.97341           1784            67.57295      
      6050000          148.17724           1784            67.48000      
      6100000          148.29497           1784            67.42642      
      6150000          148.73502           1784            67.22694      
      6200000          148.59666           1784            67.28954      
      6250000          148.48400           1784            67.34059      
      6300000          148.51392           1784            67.32702      
      6350000          148.75896           1784            67.21612      
      6400000          148.75412           1784            67.21831      
      6450000          148.16018           1784            67.48777      
      6500000          148.14305           1784            67.49557      
      6550000          147.74936           1784            67.67542      
      6600000          148.36314           1784            67.39545      
      6650000          148.37930           1784            67.38811      
      6700000          148.76805           1784            67.21201      
      6750000          147.11692           1784            67.96635      
      6800000          145.61372           1784            68.66798      
      6850000          147.91563           1784            67.59935      
      6900000          148.08606           1784            67.52155      
      6950000          147.89392           1784            67.60927      
      7000000          147.86438           1784            67.62278      
      7050000          146.38335           1784            68.30695      
      7100000          147.54331           1784            67.76993      
      7150000          147.19172           1784            67.93181      
      7200000          148.47413           1784            67.34506      
      7250000          146.72300           1784            68.14883      
      7300000          146.95690           1784            68.04036      
      7350000          148.33011           1784            67.41045      
      7400000          147.61583           1784            67.73664      
      7450000          147.91517           1784            67.59956      
      7500000          148.48319           1784            67.34095      
      7550000          148.79240           1784            67.20101      
      7600000          148.10147           1784            67.51452      
      7650000          148.34359           1784            67.40433      
      7700000          146.48497           1784            68.25956      
      7750000          146.69543           1784            68.16163      
      7800000          148.34802           1784            67.40232      
      7850000          148.34957           1784            67.40161      
      7900000          146.38478           1784            68.30628      
      7950000          148.75324           1784            67.21870      
      8000000          148.16400           1784            67.48603      
      8050000          148.94829           1784            67.13068      
      8100000          148.59820           1784            67.28884      
      8150000          149.50123           1784            66.88240      
      8200000          148.45433           1784            67.35405      
      8250000          149.24898           1784            66.99543      
      8300000          147.91169           1784            67.60115      
      8350000          147.70580           1784            67.69538      
      8400000          148.32362           1784            67.41340      
      8450000          147.36282           1784            67.85294      
      8500000          147.76895           1784            67.66645      
      8550000          148.34957           1784            67.40161      
      8600000          148.05669           1784            67.53494      
      8650000          147.94292           1784            67.58688      
Simulation.timestep  Simulation.tps  Simulation.seed  Simulation.walltime
      8700000          148.39317           1784            67.38181      
      8750000          148.75212           1784            67.21921      
      8800000          148.20713           1784            67.46639      
      8850000          148.00083           1784            67.56043      
      8900000          148.30636           1784            67.42125      
      8950000          148.46903           1784            67.34738      
      9000000          148.55424           1784            67.30875      
      9050000          148.39843           1784            67.37942      
      9100000          148.70743           1784            67.23941      
      9150000          148.16112           1784            67.48734      
      9200000          147.82903           1784            67.63895      
      9250000          148.20138           1784            67.46901      
      9300000          147.59509           1784            67.74615      
      9350000          148.57716           1784            67.29836      
      9400000          148.45909           1784            67.35189      
      9450000          147.97708           1784            67.57127      
      9500000          148.90695           1784            67.14932      
      9550000          148.86564           1784            67.16795      
      9600000          147.82952           1784            67.63872      
      9650000          148.52652           1784            67.32131      
      9700000          148.17563           1784            67.48073      
      9750000          149.32383           1784            66.96185      
      9800000          149.11780           1784            67.05437      
      9850000          148.28288           1784            67.43192      
      9900000          148.32686           1784            67.41193      
      9950000          148.71994           1784            67.23376      
     10000000          148.52913           1784            67.32013      
     10050000          148.72658           1784            67.23075      
     10100000          148.19573           1784            67.47158      
     10150000          148.11788           1784            67.50704      
     10200000          148.09485           1784            67.51754      
     10250000          148.59346           1784            67.29098      
     10300000          148.56855           1784            67.30227      
     10350000          149.50382           1784            66.88123      
     10400000          149.94282           1784            66.68542      
     10450000          149.57431           1784            66.84972      
     10500000          148.15039           1784            67.49223      
     10550000          148.32812           1784            67.41136      
     10600000          149.13846           1784            67.04508      
     10650000          148.64339           1784            67.26838      
     10700000          148.31077           1784            67.41924      
     10750000          148.22748           1784            67.45713      
     10800000          147.87445           1784            67.61817      
     10850000          147.59170           1784            67.74771      
     10900000          148.04231           1784            67.54150      
     10950000          148.69956           1784            67.24297      
     11000000          148.47735           1784            67.34360      
     11050000          148.61968           1784            67.27911      
     11100000          149.34886           1784            66.95063      
     11150000          148.21901           1784            67.46098      
     11200000          148.71858           1784            67.23437      
     11250000          149.52656           1784            66.87106      
     11300000          148.32775           1784            67.41153      
Simulation.timestep  Simulation.tps  Simulation.seed  Simulation.walltime
     11350000          148.23966           1784            67.45158      
     11400000          148.41878           1784            67.37018      
     11450000          148.70980           1784            67.23834      
     11500000          148.75892           1784            67.21614      
     11550000          149.25041           1784            66.99479      
     11600000          148.37161           1784            67.39160      
     11650000          148.29194           1784            67.42781      
     11700000          148.53743           1784            67.31637      
     11750000          148.85850           1784            67.17117      
     11800000          147.75811           1784            67.67141      
     11850000          148.46062           1784            67.35119      
     11900000          147.61630           1784            67.73642      
     11950000          147.79885           1784            67.65276      
     12000000          147.43365           1784            67.82034      
     12050000          147.11644           1784            67.96657      
     12100000          146.91606           1784            68.05927      
     12150000          147.23630           1784            67.91124      
     12200000          146.83791           1784            68.09549      
     12250000          146.70703           1784            68.15624      
     12300000          146.41666           1784            68.29141      
     12350000          146.49645           1784            68.25421      
     12400000          146.79105           1784            68.11723      
     12450000          146.36818           1784            68.31403      
     12500000          146.17962           1784            68.40215      
     12550000          146.32333           1784            68.33497      
     12600000          146.17655           1784            68.40359      
     12650000          146.49113           1784            68.25669      
     12700000          146.68937           1784            68.16445      
     12750000          146.09325           1784            68.44259      
     12800000          146.21619           1784            68.38504      
     12850000          145.85703           1784            68.55343      
     12900000          144.82692           1784            69.04103      
     12950000          144.67860           1784            69.11181      
     13000000          144.34367           1784            69.27218      
     13050000          143.35705           1784            69.74892      
     13100000          141.61277           1784            70.60804      
     13150000          141.90982           1784            70.46024      
     13200000          142.67913           1784            70.08033      
     13250000          142.04354           1784            70.39391      
     13300000          141.17765           1784            70.82566      
     13350000          139.99711           1784            71.42290      
     13400000          140.34202           1784            71.24737      
     13450000          140.85073           1784            70.99005      
     13500000          140.42948           1784            71.20300      
     13550000          140.57837           1784            71.12759      
     13600000          140.80451           1784            71.01335      
     13650000          140.31164           1784            71.26280      
     13700000          139.84553           1784            71.50032      
     13750000          140.04682           1784            71.39755      
     13800000          139.56807           1784            71.64246      
     13850000          139.58157           1784            71.63553      
     13900000          139.33867           1784            71.76041      
     13950000          139.31553           1784            71.77233      
     14000000          140.57843           1784            71.12756      
     14050000          140.20607           1784            71.31646      
     14100000          140.25847           1784            71.28981      
     14150000          139.06983           1784            71.89913      
     14200000          139.03235           1784            71.91851      
     14250000          139.63458           1784            71.60834      
     14300000          139.17067           1784            71.84704      
     14350000          140.14190           1784            71.34911      
     14400000          139.63815           1784            71.60650      
     14450000          140.49475           1784            71.16992      
     14500000          141.20620           1784            70.81134      
     14550000          141.53429           1784            70.64719      
     14600000          141.71615           1784            70.55653      
     14650000          139.65653           1784            71.59708      
     14700000          140.99614           1784            70.91684      
     14750000          140.78398           1784            71.02371      
     14800000          141.56770           1784            70.63052      
     14850000          141.58160           1784            70.62359      
     14900000          140.70772           1784            71.06220      
     14950000          140.99914           1784            70.91533      
     15000000          140.39825           1784            71.21884      
     15050000          139.73666           1784            71.55603      
     15100000          139.19877           1784            71.83253      
     15150000          139.00372           1784            71.93333      
     15200000          139.72174           1784            71.56367      
     15250000          139.11605           1784            71.87524      
     15300000          139.71739           1784            71.56589      
     15350000          138.92143           1784            71.97593      
Simulation.timestep  Simulation.tps  Simulation.seed  Simulation.walltime
     15400000          135.70851           1784            73.67998      
     15450000          140.19195           1784            71.32364      
     15500000          139.90136           1784            71.47178      
     15550000          141.14479           1784            70.84215      
     15600000          140.47797           1784            71.17842      
     15650000          138.71639           1784            72.08232      
     15700000          132.63885           1784            75.38515      
     15750000          132.60376           1784            75.40510      
     15800000          133.74399           1784            74.76224      
     15850000          132.69652           1784            75.35239      
     15900000          132.41796           1784            75.51090      
     15950000          131.94944           1784            75.77903      
     16000000          133.23418           1784            75.04831      
     16050000          133.12365           1784            75.11062      
     16100000          133.55588           1784            74.86754      
     16150000          133.67562           1784            74.80048      
     16200000          133.00496           1784            75.17764      
     16250000          133.87333           1784            74.69001      
     16300000          132.07687           1784            75.70592      
     16350000          130.90676           1784            76.38261      
     16400000          131.15063           1784            76.24058      
     16450000          130.54872           1784            76.59210      
     16500000          130.29385           1784            76.74192      
     16550000          130.42274           1784            76.66608      
     16600000          130.51320           1784            76.61294      
     16650000          131.93452           1784            75.78760      
     16700000          132.23861           1784            75.61332      
     16750000          129.55724           1784            77.17824      
     16800000          129.14994           1784            77.42164      
     16850000          129.36527           1784            77.29277      
     16900000          129.29575           1784            77.33433      
     16950000          131.90137           1784            75.80664      
     17000000          139.05243           1784            71.90813      
     17050000          139.07003           1784            71.89903      
     17100000          138.55609           1784            72.16572      
     17150000          138.23934           1784            72.33107      
     17200000          138.55721           1784            72.16514      
     17250000          137.64283           1784            72.64454      
     17300000          139.18621           1784            71.83901      
     17350000          139.71587           1784            71.56667      
     17400000          137.01790           1784            72.97586      
     17450000          137.94765           1784            72.48402      
     17500000          136.65052           1784            73.17206      
     17550000          137.45606           1784            72.74325      
     17600000          137.58263           1784            72.67633      
     17650000          138.07652           1784            72.41637      
     17700000          137.17593           1784            72.89180      
     17750000          136.28143           1784            73.37023      
     17800000          137.02779           1784            72.97060      
     17850000          138.48592           1784            72.20229      
     17900000          138.44994           1784            72.22105      
     17950000          134.96070           1784            74.08823      
     18000000          138.40331           1784            72.24538      
     18050000          140.05576           1784            71.39299      
     18100000          138.95412           1784            71.95901      
     18150000          139.07976           1784            71.89400      
     18200000          138.55863           1784            72.16440      
     18250000          136.43662           1784            73.28678      
     18300000          139.88061           1784            71.48239      
     18350000          139.61814           1784            71.61677      
     18400000          139.20976           1784            71.82686      
     18450000          140.46276           1784            71.18613      
     18500000          138.84277           1784            72.01671      
     18550000          138.33851           1784            72.27922      
     18600000          139.15916           1784            71.85298      
     18650000          139.70807           1784            71.57067      
     18700000          140.04064           1784            71.40070      
     18750000          139.58945           1784            71.63149      
     18800000          139.10622           1784            71.88032      
     18850000          139.71559           1784            71.56682      
     18900000          138.98947           1784            71.94070      
     18950000          138.15701           1784            72.37418      
     19000000          139.19269           1784            71.83567      
     19050000          137.65153           1784            72.63995      
     19100000          137.55074           1784            72.69318      
     19150000          140.21040           1784            71.31425      
     19200000          141.50263           1784            70.66300      
     19250000          140.99324           1784            70.91829      
Simulation.timestep  Simulation.tps  Simulation.seed  Simulation.walltime
     19300000          140.44377           1784            71.19575      
     19350000          140.89693           1784            70.96677      
     19400000          140.74743           1784            71.04215      
     19450000          140.21673           1784            71.31103      
     19500000          139.98745           1784            71.42783      
     19550000          139.48754           1784            71.68382      
     19600000          139.16435           1784            71.85030      
     19650000          138.60313           1784            72.14123      
     19700000          139.50612           1784            71.67427      
     19750000          141.06568           1784            70.88188      
     19800000          140.98434           1784            70.92277      
     19850000          141.71802           1784            70.55560      
     19900000          140.94697           1784            70.94157      
     19950000          140.05309           1784            71.39435      
     20000000          140.25319           1784            71.29250      
     20050000          140.45694           1784            71.18908      
     20100000          140.93221           1784            70.94901      
     20150000          140.89958           1784            70.96543      
     20200000          140.23720           1784            71.30062      
     20250000          141.15429           1784            70.83738      
     20300000          141.00021           1784            70.91479      
     20350000          142.31594           1784            70.25917      
     20400000          142.43236           1784            70.20174      
