t cv_0(t) h(t)
4.000010000000000000e+05 4.812729358673095703e-02 1.000000000000000000e+00
4.500010000000000000e+05 3.289973363280296326e-02 9.836262392471388782e-01
5.000010000000000000e+05 4.116039723157882690e-02 9.248769279112316610e-01
5.500010000000000000e+05 5.942702293395996094e-02 9.622226577971390027e-01
6.000010000000000000e+05 2.403084002435208061e-02 9.520441780865747106e-01
6.500010000000000000e+05 1.952069438993930817e-02 9.305353124948217980e-01
7.000010000000000000e+05 3.410142660140991211e-02 8.537077654896614298e-01
7.500010000000000000e+05 5.215929821133613586e-02 8.762572961634550461e-01
8.000010000000000000e+05 5.466237664222716591e-02 8.497450332676698137e-01
8.500010000000000000e+05 4.332963749766349792e-02 7.920396008362792228e-01
9.000010000000000000e+05 5.942581221461296082e-02 8.370695738327321722e-01
9.500010000000000000e+05 6.179665401577949524e-02 8.256425196190633198e-01
1.000001000000000000e+06 6.200092285871505737e-02 7.927106090216023970e-01
1.050001000000000000e+06 2.229694090783596039e-02 8.487987376273843365e-01
1.100001000000000000e+06 3.267306461930274963e-02 7.666844695670950172e-01
1.150001000000000000e+06 2.168976515531539917e-02 7.982466228445526113e-01
1.200001000000000000e+06 4.312814772129057450e-02 7.163101258322976950e-01
1.250001000000000000e+06 4.007478430867195129e-02 6.927663816693323540e-01
1.300001000000000000e+06 2.683388628065586090e-02 7.142074823310564646e-01
1.350001000000000000e+06 5.371219292283057473e-02 6.851467317415185221e-01
1.400001000000000000e+06 6.825611740350723267e-02 8.275685817693019253e-01
1.450001000000000000e+06 7.210651040077209473e-02 8.512751029824835447e-01
1.500001000000000000e+06 7.261136919260025024e-02 8.211917404925437314e-01
1.550001000000000000e+06 8.422027528285980225e-02 9.338515451036120130e-01
1.600001000000000000e+06 9.032373875379560990e-02 9.374392383428864495e-01
1.650001000000000000e+06 1.077097132802009583e-01 9.859090042728063663e-01
1.700001000000000000e+06 1.000093445181846619e-01 9.177133653749024456e-01
1.750001000000000000e+06 9.247795492410659790e-02 8.598347199010502040e-01
1.800001000000000000e+06 8.082357794046403365e-02 8.038225983060686142e-01
1.850001000000000000e+06 7.958936691284179688e-02 7.661837067987539163e-01
1.900001000000000000e+06 7.676534354686737061e-02 7.255349158005953702e-01
1.950001000000000000e+06 8.519040793180465698e-02 7.365086258936075492e-01
2.000001000000000000e+06 4.043465480208396912e-02 6.469822921406913618e-01
2.050001000000000000e+06 5.921730771660804749e-02 6.385498483699473260e-01
2.100001000000000000e+06 2.881969511508941650e-02 6.638401692615145677e-01
2.150001000000000000e+06 1.854545436799526562e-02 7.537139651600214263e-01
2.200001000000000000e+06 1.878284104168415070e-02 7.209198852342094677e-01
2.250001000000000000e+06 4.089367017149924538e-02 6.065563252270590455e-01
2.300001000000000000e+06 3.169317170977592468e-02 5.936877654885359679e-01
2.350001000000000000e+06 5.175586789846420288e-02 5.952801166770403940e-01
2.400001000000000000e+06 3.800018131732940674e-02 5.652346961334467901e-01
2.450001000000000000e+06 3.472200036048888466e-02 5.515133763828441449e-01
2.500001000000000000e+06 5.113882571458816528e-02 5.643854707027454731e-01
2.550001000000000000e+06 4.305692762136459351e-02 5.295605023793311661e-01
2.600001000000000000e+06 2.548516169190406799e-02 5.809336206794940560e-01
2.650001000000000000e+06 2.019730024039745331e-02 6.327704215782341546e-01
2.700001000000000000e+06 1.817938871681690563e-02 6.460701043510500563e-01
2.750001000000000000e+06 2.232563868165015827e-02 5.638271507855150411e-01
2.800001000000000000e+06 2.673263289034366261e-02 5.106415827192825052e-01
2.850001000000000000e+06 4.502815753221511841e-02 5.109683540891414300e-01
2.900001000000000000e+06 6.645493954420089722e-02 6.245658484405037791e-01
2.950001000000000000e+06 7.146843522787094116e-02 6.339287020847598209e-01
3.000001000000000000e+06 4.963349923491476579e-02 5.103352595845904727e-01
3.050001000000000000e+06 6.353089213371276855e-02 5.657509821886537171e-01
3.100001000000000000e+06 6.901615858078002930e-02 5.827356371068662666e-01
3.150001000000000000e+06 7.431629300117491288e-02 6.006080188852265245e-01
3.200001000000000000e+06 8.043567091226577759e-02 6.302105397290093114e-01
3.250001000000000000e+06 3.563553467392921448e-02 4.718762633561705000e-01
3.300001000000000000e+06 4.522396996617316506e-02 4.726214761921248009e-01
3.350001000000000000e+06 5.395336449146272140e-02 4.864815094849245791e-01
3.400001000000000000e+06 5.293877795338631370e-02 4.710002415581073798e-01
3.450001000000000000e+06 2.947934158146380684e-02 4.664408755519303118e-01
3.500001000000000000e+06 1.435787603259086609e-02 6.684232185702781992e-01
3.550001000000000000e+06 1.853874512016772877e-02 5.593574557172454886e-01
3.600001000000000000e+06 2.063042297959328045e-02 5.106827334642275451e-01
3.650001000000000000e+06 2.303285710513592113e-02 4.696403872629055232e-01
3.700001000000000000e+06 4.106694087386131287e-02 4.330224471991645507e-01
3.750001000000000000e+06 6.138838082551956177e-02 4.913086684650039837e-01
3.800001000000000000e+06 6.302769482135772705e-02 4.870182916261681649e-01
3.850001000000000000e+06 4.728427156805992126e-02 4.280080613293448244e-01
3.900001000000000000e+06 5.449010804295539856e-02 4.346583346050548191e-01
3.950001000000000000e+06 5.732687935233116150e-02 4.350106483395205781e-01
4.000001000000000000e+06 7.198271900415420532e-02 5.236387094073472470e-01
4.050001000000000000e+06 9.714148938655853271e-02 7.868067559262376109e-01
4.100001000000000000e+06 9.690470993518829346e-02 7.524594386371934451e-01
4.150001000000000000e+06 9.024662524461746216e-02 6.625513445572015492e-01
4.200001000000000000e+06 8.988226205110549927e-02 6.368251510927958048e-01
4.250001000000000000e+06 1.183113530278205594e-01 9.499873210085715280e-01
4.300001000000000000e+06 9.273315221071244674e-02 6.393904845163654871e-01
4.350001000000000000e+06 9.409821778535842896e-02 6.309238770699114873e-01
4.400001000000000000e+06 1.185140088200569153e-01 9.024554186633026998e-01
4.450001000000000000e+06 1.199937537312507629e-01 8.714072781906441190e-01
4.500001000000000000e+06 1.082280948758125166e-01 7.576284605214076429e-01
4.550001000000000000e+06 8.990373462438581986e-02 5.730088706868735615e-01
4.600001000000000000e+06 6.303970515727996826e-02 4.453973171921924989e-01
4.650001000000000000e+06 4.112562909722328186e-02 4.058641763723737639e-01
4.700001000000000000e+06 4.110203683376312256e-02 3.973035037526984614e-01
4.750001000000000000e+06 3.269139304757118225e-02 4.006203761054529799e-01
4.800001000000000000e+06 1.921291463077068329e-02 4.986541367214519793e-01
4.850001000000000000e+06 1.202967297285795212e-02 6.470748743499947775e-01
4.900001000000000000e+06 1.844898611307144165e-02 4.852973602958697841e-01
4.950001000000000000e+06 1.396998483687639236e-02 5.635841451896881349e-01
5.000001000000000000e+06 1.493364013731479645e-02 5.254636128532729211e-01
5.050001000000000000e+06 1.539392955601215189e-02 5.016283134852729253e-01
5.100001000000000000e+06 3.870962932705879211e-02 3.794767875287815007e-01
5.150001000000000000e+06 5.542001500725745461e-02 3.992595428924011203e-01
5.200001000000000000e+06 5.820113793015480042e-02 4.013831460886039260e-01
5.250001000000000000e+06 2.957081049680708798e-02 3.708852678983390327e-01
5.300001000000000000e+06 4.014691710472105546e-02 3.645953652264988798e-01
5.350001000000000000e+06 6.016454100608825684e-02 4.009102545861292777e-01
5.400001000000000000e+06 3.956803679466248252e-02 3.566002726614702634e-01
5.450001000000000000e+06 5.669625103473663330e-02 3.759418557247279358e-01
5.500001000000000000e+06 6.561630219221115112e-02 4.210480522717631180e-01
5.550001000000000000e+06 8.506730943918225374e-02 5.345649702571905193e-01
5.600001000000000000e+06 6.644471734762191772e-02 4.161408053603056212e-01
5.650001000000000000e+06 6.012592092156409523e-02 3.697973047696920257e-01
5.700001000000000000e+06 6.361643224954605103e-02 3.810340018684416630e-01
5.750001000000000000e+06 8.460629731416702271e-02 5.143525927159955380e-01
5.800001000000000000e+06 5.675841122865676880e-02 3.459487662652911411e-01
5.850001000000000000e+06 3.637946769595145485e-02 3.478550569317646612e-01
5.900001000000000000e+06 3.649841248989104531e-02 3.414513499438936450e-01
5.950001000000000000e+06 2.195219695568084717e-02 3.848825669528003757e-01
6.000001000000000000e+06 1.453237608075142080e-02 4.924532503901336011e-01
6.050001000000000000e+06 1.197347324341535568e-02 5.417900896530806198e-01
6.100001000000000000e+06 1.536778267472982407e-02 4.499661398528460587e-01
6.150001000000000000e+06 1.330369710922241211e-02 4.826740669022409058e-01
6.200001000000000000e+06 8.671961724758146459e-03 5.932575297195328279e-01
6.250001000000000000e+06 9.666740894317626953e-03 5.469283403870081051e-01
6.300001000000000000e+06 2.125150337815284729e-02 3.451239107391326222e-01
6.350001000000000000e+06 3.778196126222609780e-02 3.287251136838647558e-01
6.400001000000000000e+06 4.054676741361616654e-02 3.244455449344834652e-01
6.450001000000000000e+06 7.558756321668622102e-02 4.575439305141905666e-01
6.500001000000000000e+06 8.215622603893280029e-02 4.813613860566656744e-01
6.550001000000000000e+06 8.470005542039868440e-02 4.809613384938341007e-01
6.600001000000000000e+06 6.855087727308273315e-02 3.887472795751745758e-01
6.650001000000000000e+06 5.674577504396439293e-02 3.303180415260395519e-01
6.700001000000000000e+06 6.381756067276000977e-02 3.489116940065568051e-01
6.750001000000000000e+06 6.953438371419906616e-02 3.782106433240092214e-01
6.800001000000000000e+06 1.115301102399826050e-01 7.485356646188153773e-01
6.850001000000000000e+06 1.044810041785240035e-01 6.578029268861826928e-01
6.900001000000000000e+06 1.093695685267448425e-01 6.813594254200604494e-01
6.950001000000000000e+06 1.250737458467483521e-01 8.397732086236502358e-01
7.000001000000000000e+06 1.065078675746917586e-01 6.280458781589014494e-01
7.050001000000000000e+06 1.057768240571022034e-01 6.022859845481569607e-01
7.100001000000000000e+06 1.052982956171035628e-01 5.801166189117487049e-01
7.150001000000000000e+06 8.112902194261552291e-02 4.395086823968885614e-01
7.200001000000000000e+06 8.775920420885086060e-02 4.578271321737469868e-01
7.250001000000000000e+06 7.885783165693283081e-02 4.126307175297284635e-01
7.300001000000000000e+06 7.422859966754913330e-02 3.837514817695532598e-01
7.350001000000000000e+06 8.872220665216445923e-02 4.423235526771336912e-01
7.400001000000000000e+06 8.225603401660917802e-02 4.029334227722408679e-01
7.450001000000000000e+06 5.193496868014336326e-02 3.148522509558882576e-01
7.500001000000000000e+06 4.700040072202681801e-02 3.119722416353328254e-01
7.550001000000000000e+06 3.108303621411323547e-02 3.139793231970389731e-01
7.600001000000000000e+06 3.815470635890960693e-02 3.071487023484702483e-01
7.650001000000000000e+06 2.563756145536899567e-02 3.122565466488299579e-01
7.700001000000000000e+06 4.590108990669249794e-02 3.014100634848583815e-01
7.750001000000000000e+06 7.300756126642227173e-02 3.616719727557120567e-01
7.800001000000000000e+06 4.173612967133520646e-02 2.960856680306770961e-01
7.850001000000000000e+06 3.843126818537712097e-02 2.920493934210743880e-01
7.900001000000000000e+06 3.113004751503467560e-02 2.929484443504738467e-01
7.950001000000000000e+06 1.618899218738079071e-02 3.787099159197288012e-01
8.000001000000000000e+06 3.201769292354583740e-02 2.859162635288480248e-01
8.050001000000000000e+06 1.146537251770496368e-02 4.651820533656401691e-01
8.100001000000000000e+06 7.681420072913171596e-03 5.582694402987600224e-01
8.150001000000000000e+06 1.261511817574501038e-02 4.163344311375800078e-01
8.200001000000000000e+06 1.330168265849351883e-02 3.937525217153935997e-01
8.250001000000000000e+06 4.732824116945266724e-02 2.872122853525987951e-01
8.300001000000000000e+06 4.849009215831756592e-02 2.841928973999487407e-01
8.350001000000000000e+06 5.560281872749328613e-02 2.903076448211133753e-01
8.400001000000000000e+06 5.069820210337638855e-02 2.788270794958661036e-01
8.450001000000000000e+06 6.849174201488494873e-02 3.312046027446232110e-01
8.500001000000000000e+06 6.961379945278167725e-02 3.309495999154731249e-01
8.550001000000000000e+06 7.416877895593643188e-02 3.470160568536698742e-01
8.600001000000000000e+06 8.205837756395341354e-02 3.776173110927155130e-01
8.650001000000000000e+06 1.014793664216995239e-01 5.212721009674362582e-01
8.700001000000000000e+06 1.040271744132041931e-01 5.286529283031838888e-01
8.750001000000000000e+06 1.065377667546272000e-01 5.360432880317183013e-01
8.800001000000000000e+06 8.814147114753723145e-02 3.969755756253792733e-01
8.850001000000000000e+06 7.686836272478102250e-02 3.423606380427056672e-01
8.900001000000000000e+06 7.429308444261552291e-02 3.274923497051389631e-01
8.950001000000000000e+06 5.597791448235511780e-02 2.761846782827683811e-01
9.000001000000000000e+06 5.789623036980628967e-02 2.745395803489742992e-01
9.050001000000000000e+06 5.743144825100898743e-02 2.699797995322696931e-01
9.100001000000000000e+06 8.782183378934860229e-02 3.804494334655064702e-01
9.150001000000000000e+06 8.820934593677517976e-02 3.752356785485417845e-01
9.200001000000000000e+06 6.044416502118111351e-02 2.710335161652252522e-01
9.250001000000000000e+06 9.120240062475203080e-02 3.873607350858744858e-01
9.300001000000000000e+06 6.737798452377319336e-02 2.872034316475597371e-01
9.350001000000000000e+06 4.462673887610435486e-02 2.633719214140146092e-01
9.400001000000000000e+06 4.604683443903923035e-02 2.587352957954086596e-01
9.450001000000000000e+06 3.697523847222328186e-02 2.650530887648627210e-01
9.500001000000000000e+06 2.791854552924632679e-02 2.736314850578537849e-01
9.550001000000000000e+06 3.525423631072044373e-02 2.608410759329720663e-01
9.600001000000000000e+06 6.379944831132888794e-02 2.701362508535458118e-01
9.650001000000000000e+06 4.701617732644081116e-02 2.493355590427487889e-01
9.700001000000000000e+06 3.118446841835975994e-02 2.611799500113928807e-01
9.750001000000000000e+06 8.215710520744323730e-03 5.050060554885619224e-01
9.800001000000000000e+06 1.779570616781711578e-02 3.100144867368852530e-01
9.850001000000000000e+06 3.127582743763924339e-02 2.553215526023963067e-01
9.900001000000000000e+06 3.856258466839790344e-02 2.457157247333535965e-01
9.950001000000000000e+06 4.054883867502212524e-02 2.416308527053780686e-01
1.000000100000000000e+07 4.236724972724914551e-02 2.382377414615756694e-01
1.005000100000000000e+07 4.667500406503676674e-02 2.365426676249435256e-01
1.010000100000000000e+07 4.991727694869041443e-02 2.361230380948909635e-01
1.015000100000000000e+07 5.353361740708351135e-02 2.374781309260035889e-01
1.020000100000000000e+07 4.197401553392409584e-02 2.291194236100639881e-01
1.025000100000000000e+07 3.260131552815437317e-02 2.396833000658708801e-01
1.030000100000000000e+07 2.399163320660591125e-02 2.589372100429812584e-01
1.035000100000000000e+07 1.112015265971422022e-02 4.082822963260172577e-01
1.040000100000000000e+07 7.734262850135564804e-03 4.879016993063080010e-01
1.045000100000000000e+07 2.126234397292136799e-02 2.628297858049032931e-01
1.050000100000000000e+07 1.206336915493011475e-02 3.670109978671332596e-01
1.055000100000000000e+07 1.668497733771800648e-02 2.905943368123583004e-01
1.060000100000000000e+07 1.247907057404517954e-02 3.471187746547725328e-01
1.065000100000000000e+07 3.473205119371414185e-02 2.278602877844687902e-01
1.070000100000000000e+07 6.377971172332763672e-02 2.603528178415434602e-01
1.075000100000000000e+07 7.204986363649368286e-02 2.917778708523250386e-01
1.080000100000000000e+07 8.473730832338333130e-02 3.390439437710029424e-01
1.085000100000000000e+07 6.625392287969589233e-02 2.624128521590142205e-01
1.090000100000000000e+07 8.052648603916168213e-02 3.140030332241928179e-01
1.095000100000000000e+07 7.654837518930435181e-02 2.945705515704238331e-01
1.100000100000000000e+07 5.548181012272832696e-02 2.303326417638475176e-01
1.105000100000000000e+07 6.087739765644073486e-02 2.374742701003872136e-01
1.110000100000000000e+07 4.238343238830566406e-02 2.190849027562531137e-01
1.115000100000000000e+07 2.790856733918190002e-02 2.311567723430360821e-01
1.120000100000000000e+07 2.176946401596069336e-02 2.431747695284887933e-01
1.125000100000000000e+07 8.940972387790679932e-03 4.161093560287684179e-01
1.130000100000000000e+07 1.101308874785899942e-02 3.583128103655507379e-01
1.135000100000000000e+07 3.243419155478477478e-02 2.207191857220042741e-01
1.140000100000000000e+07 5.208765342831612327e-02 2.197574416505310713e-01
1.145000100000000000e+07 7.659955322742462158e-02 2.886107092117703443e-01
1.150000100000000000e+07 6.426579505205153031e-02 2.405590342034001627e-01
1.155000100000000000e+07 6.533126533031463623e-02 2.409105136045794349e-01
1.160000100000000000e+07 4.660397768020629883e-02 2.121436001327458853e-01
1.165000100000000000e+07 4.315854236483573914e-02 2.094851662093887290e-01
1.170000100000000000e+07 7.643986493349075317e-02 2.799992759465208536e-01
1.175000100000000000e+07 8.128888159990310669e-02 2.968280140619635743e-01
1.180000100000000000e+07 8.323258161544799805e-02 3.021044942209060724e-01
1.185000100000000000e+07 8.451718837022781372e-02 3.045996203741960229e-01
1.190000100000000000e+07 9.482054412364959717e-02 3.863776722920305717e-01
1.195000100000000000e+07 1.142665147781371932e-01 6.044199894815743823e-01
1.200000100000000000e+07 1.153143793344497542e-01 6.008515490595635056e-01
1.205000100000000000e+07 1.447251588106155118e-01 9.873047629127720271e-01
1.210000100000000000e+07 1.278891414403915405e-01 7.981674346965238476e-01
1.215000100000000000e+07 1.290694922208786011e-01 7.838278071360355037e-01
1.220000100000000000e+07 1.291962116956710815e-01 7.540165992107390469e-01
1.225000100000000000e+07 1.456029266119003296e-01 9.123357732150183530e-01
1.230000100000000000e+07 1.577047109603881836e-01 9.534847427396930808e-01
1.235000100000000000e+07 1.563288420438766479e-01 8.990155718012008412e-01
1.240000100000000000e+07 1.507914960384368896e-01 8.362853798661217253e-01
1.245000100000000000e+07 1.706448048353195190e-01 9.524145581371792346e-01
1.250000100000000000e+07 1.728897094726562500e-01 9.206146206529886022e-01
1.255000100000000000e+07 1.795428842306137085e-01 9.218499177647615506e-01
1.260000100000000000e+07 1.579673588275909424e-01 8.025615983867916414e-01
1.265000100000000000e+07 1.384893506765365601e-01 7.806259650596355515e-01
1.270000100000000000e+07 1.348070055246353149e-01 7.343265547367171520e-01
1.275000100000000000e+07 1.511833518743515015e-01 7.433380321247731182e-01
1.280000100000000000e+07 1.884628981351852417e-01 9.432223739741820712e-01
1.285000100000000000e+07 2.235173732042312900e-01 9.998902222168776222e-01
1.290000100000000000e+07 2.084229439496994019e-01 9.758036102193520245e-01
1.295000100000000000e+07 2.372414022684096735e-01 9.788966585920575447e-01
1.300000100000000000e+07 2.608422935009002130e-01 9.967751908593718291e-01
1.305000100000000000e+07 2.876716554164886475e-01 9.985660921971551973e-01
1.310000100000000000e+07 3.223953545093536377e-01 9.998734168493660368e-01
1.315000100000000000e+07 3.315647244453430176e-01 9.660235087281715538e-01
1.320000100000000000e+07 3.101843595504760742e-01 9.662715111142962110e-01
1.325000100000000000e+07 3.227288424968719482e-01 8.955886466714838567e-01
1.330000100000000000e+07 3.475717604160308838e-01 9.816375770447786087e-01
1.335000100000000000e+07 3.789626061916351318e-01 9.996248774852896091e-01
1.340000100000000000e+07 3.612228333950041614e-01 9.685662242750824324e-01
1.345000100000000000e+07 3.621538877487183172e-01 9.213439660729622060e-01
1.350000100000000000e+07 3.716070950031281073e-01 9.014189828129811621e-01
1.355000100000000000e+07 3.397078812122344971e-01 8.983100283971749977e-01
1.360000100000000000e+07 3.531252443790435791e-01 8.616816849879554985e-01
1.365000100000000000e+07 3.630934357643127997e-01 8.245958945084206348e-01
1.370000100000000000e+07 3.795773684978484552e-01 8.869350897195710237e-01
1.375000100000000000e+07 3.686292469501495361e-01 7.888241070814407951e-01
1.380000100000000000e+07 3.858285844326019287e-01 8.908191443901214424e-01
1.385000100000000000e+07 3.856850266456604004e-01 8.486198785819643042e-01
1.390000100000000000e+07 3.890310823917388916e-01 8.454699116045382157e-01
1.395000100000000000e+07 3.945425450801848810e-01 8.719915984496309225e-01
1.400000100000000000e+07 3.797024190425872803e-01 7.346979030248510512e-01
1.405000100000000000e+07 3.679594099521636963e-01 7.222955884443409413e-01
1.410000100000000000e+07 3.604464828968048096e-01 7.293660718717285274e-01
1.415000100000000000e+07 3.924037218093872070e-01 7.937659553852968175e-01
1.420000100000000000e+07 3.929925560951232910e-01 7.684646956742549051e-01
1.425000100000000000e+07 3.818845152854919989e-01 6.674933678682327676e-01
1.430000100000000000e+07 3.799257278442383368e-01 6.429374328619364976e-01
1.435000100000000000e+07 3.644930422306060791e-01 6.699494041440320347e-01
1.440000100000000000e+07 3.754844665527343750e-01 6.153278676851191564e-01
1.445000100000000000e+07 3.577914535999298096e-01 6.914538428544196869e-01
1.450000100000000000e+07 3.528857529163360596e-01 7.191004821964912530e-01
1.455000100000000000e+07 3.473730981349945068e-01 7.525385752522333327e-01
1.460000100000000000e+07 3.430203795433044434e-01 7.643996446216277940e-01
1.465000100000000000e+07 3.750593662261961780e-01 5.887813042206159198e-01
1.470000100000000000e+07 3.603691160678864081e-01 6.033598401118106525e-01
1.475000100000000000e+07 3.460083305835723877e-01 7.006742595383881334e-01
1.480000100000000000e+07 3.334362208843231201e-01 7.847279356207779166e-01
1.485000100000000000e+07 3.445889651775360107e-01 6.735951118870903143e-01
1.490000100000000000e+07 3.548614978790283203e-01 5.891414771344585244e-01
1.495000100000000000e+07 3.671162426471710205e-01 5.533296235458663448e-01
1.500000100000000000e+07 3.662873208522796631e-01 5.370839280487795797e-01
1.505000100000000000e+07 3.647805154323576771e-01 5.222498571392022448e-01
1.510000100000000000e+07 3.855738341808319092e-01 6.023050767462125865e-01
1.515000100000000000e+07 3.950814008712768555e-01 7.228491294255027233e-01
1.520000100000000000e+07 3.796956539154052734e-01 5.340164273713071674e-01
1.525000100000000000e+07 4.019981920719145618e-01 8.241738499693997966e-01
1.530000100000000000e+07 3.815362751483916681e-01 5.249647615657553335e-01
1.535000100000000000e+07 3.894477486610412598e-01 5.757247556979632197e-01
1.540000100000000000e+07 3.793321847915649414e-01 4.932931438726568252e-01
1.545000100000000000e+07 3.709944486618041437e-01 4.803326347071180669e-01
1.550000100000000000e+07 3.688319027423858643e-01 4.717305507006021026e-01
1.555000100000000000e+07 3.607500493526458185e-01 4.917074718780169440e-01
1.560000100000000000e+07 3.460029959678649347e-01 6.121934954387360239e-01
1.565000100000000000e+07 3.314639031887054443e-01 7.431555992624400142e-01
1.570000100000000000e+07 3.229766786098480225e-01 7.867811337263891369e-01
1.575000100000000000e+07 3.310974240303039551e-01 6.967150118295529770e-01
1.580000100000000000e+07 3.298778533935546875e-01 6.795589763984265508e-01
1.585000100000000000e+07 3.429965376853942871e-01 5.885415462017852262e-01
1.590000100000000000e+07 3.506187796592712402e-01 5.267580455753818613e-01
1.595000100000000000e+07 3.308877348899841309e-01 6.373190798861895212e-01
1.600000100000000000e+07 3.158633112907409668e-01 7.915331387901112237e-01
1.605000100000000000e+07 3.125209510326384943e-01 8.039328165802700488e-01
1.610000100000000000e+07 3.129291236400604248e-01 7.654776102690985518e-01
1.615000100000000000e+07 2.995642721652984619e-01 8.940171203958137136e-01
1.620000100000000000e+07 2.974285483360290527e-01 8.683598686543275713e-01
1.625000100000000000e+07 2.901862859725952148e-01 8.756141922133211519e-01
1.630000100000000000e+07 3.264509439468383789e-01 6.177710376527357772e-01
1.635000100000000000e+07 3.423320651054382324e-01 5.469695904996896285e-01
1.640000100000000000e+07 3.509757816791534424e-01 4.971620185102884615e-01
1.645000100000000000e+07 3.638072609901428223e-01 4.473631965106911745e-01
1.650000100000000000e+07 3.708119392395020086e-01 4.376248466017708671e-01
1.655000100000000000e+07 3.592706620693206787e-01 4.411641381643604531e-01
1.660000100000000000e+07 3.666815757751464844e-01 4.185929697054963095e-01
1.665000100000000000e+07 3.491528332233428955e-01 4.778508624406737626e-01
1.670000100000000000e+07 3.303730189800262451e-01 5.697459569628617881e-01
1.675000100000000000e+07 3.848475217819213867e-01 4.877040106731335145e-01
1.680000100000000000e+07 4.038113355636596680e-01 8.057617707928881323e-01
1.685000100000000000e+07 4.052000939846039373e-01 7.979623433643516783e-01
1.690000100000000000e+07 4.038938581943511963e-01 7.422901164832168552e-01
1.695000100000000000e+07 3.870557844638823908e-01 4.847539730367388944e-01
1.700000100000000000e+07 3.788170516490935724e-01 4.241288961533196678e-01
1.705000100000000000e+07 3.909997642040252686e-01 5.076413815203164592e-01
1.710000100000000000e+07 4.017972946166992188e-01 6.621079359915151841e-01
1.715000100000000000e+07 3.712840080261230469e-01 3.983666791971957055e-01
1.720000100000000000e+07 3.961304128170012873e-01 5.485423779036999736e-01
1.725000100000000000e+07 3.496401607990264893e-01 4.598842409769702266e-01
1.730000100000000000e+07 3.752813041210175116e-01 3.925254431558717338e-01
1.735000100000000000e+07 3.494452238082885742e-01 4.496172207203528171e-01
1.740000100000000000e+07 3.940078020095824640e-01 5.031638453167708303e-01
1.745000100000000000e+07 3.764221072196959894e-01 3.839080158439558965e-01
1.750000100000000000e+07 3.981361687183380127e-01 5.470671013287136120e-01
1.755000100000000000e+07 3.774684369564055841e-01 3.766515650111684765e-01
1.760000100000000000e+07 3.947363793849945068e-01 4.818509007567404190e-01
1.765000100000000000e+07 3.726454675197600763e-01 3.654058796532932973e-01
1.770000100000000000e+07 3.769433796405792236e-01 3.602252505696256768e-01
1.775000100000000000e+07 4.015087783336639959e-01 5.760975929773275439e-01
1.780000100000000000e+07 3.901950120925903320e-01 4.109637287534068095e-01
1.785000100000000000e+07 3.525206148624420166e-01 4.211171562301604943e-01
1.790000100000000000e+07 3.686017990112304688e-01 3.547531440870060893e-01
1.795000100000000000e+07 3.595579862594604492e-01 3.760198904873977011e-01
1.800000100000000000e+07 3.292597830295562744e-01 5.542232175202556066e-01
1.805000100000000000e+07 3.180814683437347412e-01 6.338649041017839769e-01
1.810000100000000000e+07 3.469156324863433838e-01 4.366183569193852754e-01
1.815000100000000000e+07 3.408271074295043945e-01 4.656334578756329834e-01
1.820000100000000000e+07 3.383753597736358643e-01 4.689805773911477349e-01
1.825000100000000000e+07 3.486303687095642090e-01 4.028737289116735010e-01
1.830000100000000000e+07 3.134122192859649658e-01 6.630201501873649317e-01
1.835000100000000000e+07 3.167796432971954346e-01 6.040026123237604017e-01
1.840000100000000000e+07 3.067927360534667969e-01 6.998183884339809202e-01
1.845000100000000000e+07 2.973771393299102783e-01 7.672980755044369605e-01
1.850000100000000000e+07 2.973255217075347900e-01 7.373438110732063455e-01
1.855000100000000000e+07 3.063905239105224609e-01 6.441453289737190113e-01
1.860000100000000000e+07 2.936457693576812744e-01 7.294953660964021980e-01
1.865000100000000000e+07 2.845942676067351740e-01 8.189559534860854084e-01
1.870000100000000000e+07 2.714990377426147461e-01 9.238265387120520034e-01
1.875000100000000000e+07 2.880815565586090088e-01 7.299839234303958646e-01
1.880000100000000000e+07 3.113962709903717041e-01 5.811153351263694811e-01
1.885000100000000000e+07 2.693300843238830566e-01 8.829485388849986904e-01
1.890000100000000000e+07 3.198392987251281738e-01 5.252485346725057624e-01
1.895000100000000000e+07 3.373698592185974121e-01 4.519693500462523827e-01
1.900000100000000000e+07 3.178204596042633057e-01 5.173591726029179716e-01
1.905000100000000000e+07 3.473760485649108887e-01 3.939521006215082610e-01
1.910000100000000000e+07 3.163093626499176025e-01 5.107541354829641111e-01
1.915000100000000000e+07 3.397833704948424738e-01 4.212006212333248012e-01
1.920000100000000000e+07 3.597935438156127930e-01 3.523090408924968164e-01
1.925000100000000000e+07 3.578441143035888672e-01 3.491972598428096375e-01
1.930000100000000000e+07 3.334246277809143066e-01 4.400653848276170899e-01
1.935000100000000000e+07 3.595474660396575928e-01 3.397663012747664246e-01
1.940000100000000000e+07 3.468860685825347900e-01 3.678034743253059125e-01
1.945000100000000000e+07 3.585629761219024658e-01 3.319765998107164773e-01
1.950000100000000000e+07 3.637082576751708984e-01 3.229951657520554464e-01
1.955000100000000000e+07 3.752024173736572266e-01 3.313379542229059060e-01
1.960000100000000000e+07 3.888714015483856201e-01 3.878560110567224051e-01
1.965000100000000000e+07 3.819485902786254883e-01 3.416095568541582250e-01
1.970000100000000000e+07 3.674011528491973877e-01 3.123190843086936508e-01
1.975000100000000000e+07 3.259392082691192627e-01 4.541441337120028510e-01
1.980000100000000000e+07 3.242413699626922607e-01 4.490592762154168582e-01
1.985000100000000000e+07 3.414457440376281738e-01 3.789711424033356257e-01
1.990000100000000000e+07 3.407276272773742676e-01 3.748242602540330926e-01
1.995000100000000000e+07 3.641746044158935547e-01 3.073723470578260675e-01
2.000000100000000000e+07 3.614957332611083984e-01 3.046587494711291422e-01
2.005000100000000000e+07 3.572469651699066162e-01 3.068997710967232284e-01
2.010000100000000000e+07 3.376885950565338135e-01 3.799909302890059348e-01
2.015000100000000000e+07 3.551441729068756104e-01 3.056404759638492452e-01
2.020000100000000000e+07 3.498123288154602051e-01 3.164139094936528340e-01
2.025000100000000000e+07 3.481895327568054199e-01 3.171321333163461542e-01
2.030000100000000000e+07 3.103749155998229980e-01 5.248604723518476289e-01
2.035000100000000000e+07 3.143122792243957520e-01 4.789826832511041577e-01
